line
0 0 0 300 0 0
line
300 0 0 300 200 0
line
300 200 0 0 200 0
line
0 200 0 0 0 0
line
0 0 0 0 0 200
line
0 200 0 0 200 200
line
300 200 0 300 200 200
line
300 0 0 300 0 200
line
0 200 200 300 200 200
line
0 0 200 0 200 200
line
0 0 200 300 0 200
line
300 0 200 300 200 200
line
100 200 0 200 200 0
line
120 250 0 180 250 0
line
100 200 0 120 250 0
line
200 200 0 180 250 0
line
100 200 200 200 200 200
line
120 250 200 180 250 200
line
100 200 200 120 250 200
line
200 200 200 180 250 200
line
120 250 200 120 250 0
line
100 200 0 100 200 200
line
180 250 0 180 250 200
line
200 200 0 200 200 200
line
30 200 0 30 225 0
line
70 200 0 70 225 0
line
30 225 0 70 225 0
line
30 200 200 30 225 200
line
70 200 200 70 225 200
line
30 225 200 70 225 200
line
30 200 0 30 200 200
line
30 225 0 30 225 200
line
70 200 0 70 200 200
line
70 225 0 70 225 200
line
230 200 0 230 225 0
line
270 200 0 270 225 0
line
230 225 0 270 225 0
line
230 200 200 230 225 200
line
270 200 200 270 225 200
line
230 225 200 270 225 200
line
230 200 0 230 200 200
line
230 225 0 230 225 200
line
270 200 0 270 200 200
line
270 225 0 270 225 200

line
120 70 0 120 130 0
line
120 70 0 180 70 0
line
180 70 0 180 130 0
line
180 130 0 120 130 0
line
120 70 200 120 130 200
line
120 70 200 180 70 200
line
180 70 200 180 130 200
line
180 130 200 120 130 200
line
120 70 0 120 70 200
line
120 130 0 120 130 200
line
180 130 0 180 130 200
line
180 70 0 180 70 200
line
0 165 0 300 165 0
line
0 165 0 0 165 200
line
300 165 0 300 165 200
line
0 165 200 300 165 200
display
ident
scale
0.8 0.8 0.8
apply
display
ident
move
100 100 0
apply
display
ident
rotate
z 20
rotate
x 20
rotate
y 20
apply
display
ident
rotate
y 20
apply
display
save
pic.png
